1100101000101001100000101
1000100011011110010011011
1110101000001011100001010
1100101111110000100001011
0010101111101010111111000
0001010110010011000101010
1011100001000111010100110
1010111011001011110101111
0011100001010100010101011
1010011100110001101010010
0011110010100110001100111
1111111011101111001011111
0110100111011000001001010
0010010010000001101111001
0011001000110110100111100
0011001001111111010000000
0010101101110101000110101
1001010100010000001001010
0010010000001000010101101
0100100010001010101010101
1101011011111110000101110
0101101111011000010010110
1101001100111111000010010
0001101010011001010001011
1111001110011100001001011
1100111011000100000010011
1000001111111110111011001
0000001111001011011101010
0111010001101011010011001
0110111011001001000110000
1001100100110100001011011
1100110101000111110011100
1001100010011000110010000
0001101101100001001100011
0000011110100110001100110
0001011111100100111011110
0001000111001000001110101
0000100111100010011110111
0101000110101100011111000
1111010100000000001010100
1111101111001111001101010
1000001001010110100110001
0010011101000100110001110
1101100101010110010101111
0000111011100101110011110
1101110110110111101111111
1001010010111111011011010
0111100111001111010110110
0111011111011001000101101
0001000011100100101011011
1101001001011100001000110
1111001000011000010101100
1000000111000010011100011
1000101110111101001111011
1011100011110000010010110
1001001001100010010010110
0110001010101100101011001
1011111011000010010101110
0000111000001001011011111
1111111101111011110011010
1011111111111110111110000
0110000000011110001111101
0001000111010011101100011
0011101000001000101001011
