1101000100010111010000101
0011100110101110011011101
0111010111010000111110000
1001010110011010011000001
1100010101011110001111011
1110111101110110101000000
1000100010100011111001101
0010110101001000111100101
0001001000111000100001101
0101000011001001011011111
1010101111111011100001100
1011001100100000010100010
1101000110100110010000000
1111111101100101100100110
1000111101100010101001111
1001001110100111010101110
0010010110001101110100111
1101100101001011110111111
0010010000011011010011010
0001001000010000111100100
1101111000110011110000001
0110110101010001100100011
1111110010100011010111010
1111010010000010010110101
1100010010111101011010100
0000011100010000001100000
1101000001011110100100101
1001011000101101110111101
0010101010101010011100111
1011011001111110101101011
0000100101011010010111001
0100000010010110011010111
1011110010001000000110000
0110101110100111001011101
0101000000111110010110011
1100110010111111011100110
1100000010101100011001010
1010100011010101101111101
1101101100011001000001100
1011100110010101000011010
1100000110011011001101111
1011111000111010101000110
0101101110101101101110001
1111011111110001011011110
1000110101111100110100111
0011010100010000000110111
0111000100111011010001100
0101001001101010111000001
1000110011111101000010110
1011111011101100100101110
1110111011110010000101000
0010011000111001101000110
0001101101000011111011110
0011100010011100111011001
0011110110111111000111100
1110111110010110001111010
0011000001011100100111001
0011000100111001111100011
0001001001100101000101100
1110000110100101011001110
1001000001010001011110000
0110000001110000111000011
1101110011110011000000011
0011010000100000100010011
