1111110100110010111100110
0011001011010110111110110
1100000111100000100010111
0000011100001110111110110
0110000101011110111001101
0001111000010011111000100
1011001100011100000001101
1011001001100000000010011
0011110100001100101110010
0110001111011010101010001
0010100000101000101111010
0000011000000110110111000
0010111101110111101011111
1111000000100111110111101
0000110001011010010001011
1000001001100110110110101
0100010101011101010011110
0011001100110000001011000
0101000010100010010010111
0001010001101001011110000
0011010001101101010111111
0010100110001011001100000
0001101101011010100011100
1011111000100011100011011
0001011001100000110011000
0010101001000110001100101
1100110000110110101111110
1101001000001010101100111
0110011111111100110100010
0101101101001010111011001
1101101001001001101001101
0011011010011010101101000
1100100011100001111110011
1000110101011001111000111
1010000111100101010110101
0101010111110110111001101
1010101111000011011010101
1010001000110111101111010
0010111000100001110000101
0000110010000101100001111
0100100110010110111111100
0000001010011011001000101
0011011110011011100010010
0001111000110110110110100
0111110001000111110001101
0100101001011000110010011
1000110100111101001011111
0111000110110111100001110
0011100011001111110110111
1011111110010100001100110
0110000001010001101101100
0110010111000001101011010
1000011100010100110110001
0110111111110111100010000
1101010110000000110001001
0110000111001111010110010
0000011011110001101010110
1000100010100010010100100
0000100001101111000101010
0001101010010100000110001
1001110011100110001001111
0111100000001111100100100
0001110001001011110010111
1111001100100110110101100
