0010100100010111110101100
1101100110011011100011011
0100111000111101110010011
0100111111111111000100110
0110001010000011001000110
0100111110101001001000111
1011000110011011010011111
0111000010000110011000111
1111111011110101100010101
0100111111010001110011011
0111010110000011010010101
0011111000100101010111100
0100011000100111011100100
1001000101011011001110010
0101110100111101100010010
0101110110011000010000010
0111011110110111000000010
0010100011100101111010001
0000101000010101101101100
0110110000111101000110000
0111000011010001010001110
1010011111100011001001110
1011001000101010110110010
1011100100000010110011010
0111100101011110100011111
0011011011001100010110000
0111001000111110100000010
0110110011000011001100000
0011101001001010110000010
0010011011010111000001010
0101000011011110010101011
0011111111101110010101011
1110010101100101111001001
1111000110011111000111010
1001100110111111111001001
1110001111010000010000110
1101001100010101100001101
0100110011111100101111100
0010000110011110101011000
0010000110011001010001101
0101101110010111011100100
1101100110010110000100011
1100011101110101100110100
1001110110011001000001100
1001111101011011110011001
1011011001110010000011100
1000101100100011001001010
0000101000010011001011100
0110111000001100010001100
0111100001100001001011110
0100010000110001001001010
1011001100010010010100000
0001000000110100111111011
1001011100010010010101101
1110101001111011011101001
1101101011000001101101100
0011000110110000001111011
1100001011101101110010010
0001000011011000000011111
0001011111000001010100111
1010111011000110011000001
1101101000000110111111101
0110000001010110110001100
0101100100010101100011000
