1011101001000001110111100
0100000111010000100010001
1000110010101010111010011
0000111010000110110011110
1111011011000111101101011
1010101011100011011100000
1011001100111100100010011
1101000000001010100001110
0110100000110100001011001
0001110110111111000110011
0111000010000101001111011
0011010111011101011110100
1010001101001001101001000
0010010101101000110100111
1101000111111010000111110
0010101000100100100111010
0010101111100001011011100
0000100101000110011001010
1100101110111011000010001
1011001110110110110001001
1111010011000010100110110
1111001011000111100111011
1010000010101011100010110
0001100100100111010110011
0000000011101010110010101
1010001100000000100101110
1011110000000110110111110
1110100101000011101111101
0010011011000010010001101
0000110100111100100011010
0100110011101111101110000
1011100110000000000001001
0011100101010101010100010
1000010101001101111100111
0100011011000111110101100
1101011101010001111001100
1111110101010000111101011
1111000010100101101001100
1101100010111110001110001
1010110010101001101100001
0100011000000001010110110
0011010110110011001100000
0111000001101110000101110
1110100000000010001001001
0001111001011101101001000
0110101111100000001110110
0011010111000010001110000
1000110111101001010110011
1100100111100100111001100
1111100001010011111001101
0000101111000111101101001
1111011110011100110000000
0100101101010101111110101
1000111000100001001110011
0011110111010110011111000
0101011010111100100010010
0110101000100100111100111
0010011000110000000111000
1100110101101101100011110
1010001100001110100001000
1110111110011011111101001
1011010111101010110010110
0111111100000011100101101
0011010111111111111001110
