1001110101000011111100011
1001101100000111110001111
1100011100011111100110011
1000011101100010100110001
0011100101011010110100100
1010011001000000101111110
0111111111100100111001011
0011100000011110011001001
1101101111111110001111100
1111001000000010110001011
0101100111001110001110010
1111101000100100100101011
1001000100100111101001001
1110100010010100010011010
0111111110110100010100110
1011110000010010101000000
0110110011011100111101000
0110001111110110011000100
0000001011001001001100111
1101000010101110010010101
1010000100110111100101010
0000010001001111100011111
1011000010110110100100101
0110101000011111111101011
0000000011111001010000000
1110100111000010010001110
0011001010000111010100101
1101001000100100001100010
1111100010110110010101001
1110001000011111110100011
1100111011010001001101000
0011101101111001001110101
1011000111111001010010110
1000110110101010100111001
0011010010110001001101110
0001010000101101100101111
0011101001001100001001111
1000010100101101011001010
0101011111001100111111011
1011001000001111100001111
0011110100011101010000100
1111101011011010010000000
0010101110000101111101111
1011000101100011010110000
1011111001111011110100100
1100111101100110010110001
0100000011110101010001110
0110001001010111001100110
0010101011101100000001000
0101001010100000100011001
0100010001010110110101110
0110011110101010111101111
0011010011001110000001011
0111000101111111011110110
1100111011000010000000011
1010000101010011100110100
1111001001011010110100011
0010010000100101010011110
0110011011011110101011101
0101100100010110110101111
0001110111011110000101101
0010010011011111110011010
1110110001011000100111111
0001000101001111011000001
