1010001110011000100010000
0101001110101101111110010
0110000000101101100000110
1011010000011101001110001
1110111111110000001010101
1011110101100011101001111
0101011100011011110001010
0011110100011001000000100
0001111000101101110100100
0010101111011001011010001
0101110101101111111101011
1100110111010111100000101
0101111000100110010100101
1110011011011011000001010
0100110010100001100111011
0110000000011111010110010
0000110110011011011000010
1001110011101111010010000
1100000010011110011000110
0011000010111110101011011
1101000100110101001011001
1101001010101111111000110
0101110111101100001010000
1000001100111001010110001
0000100011011000111011010
1101100100110000101111001
0111000010111110001110010
0011111011011010100101100
1010010000000001100101011
0111100010000001101000011
0011111110110111000010110
1110011010111001001000111
1101000111110011101100001
0100101000111010101001111
0011111011001001011101011
1000001010000101000100101
1010011111111100101111010
1111011110001010001111001
0011001000010100101011111
1100010110010111111101111
1101110000101011001100110
0001100000101000111101100
0010000110101001100010101
0011000010011111100111110
0111001010111110010100110
0001100011110101101010001
0100111011100110010110110
1001010101010010001111011
1101100111110000101110100
0001111001010011110101001
1110110011110110100101011
0000100111010011000101011
1100000100111000011011001
1100011011110001111011011
1011100100011111010010011
1100000010100000110011100
0101110111100010110111100
0111100010001011000110110
0001000111000110100011100
1101110101111100110101111
1010101100111010011110010
1010000001011110111011101
1000100010011111100101000
0010011110011111110011010
